  0.98  0.15  0.09
  0.84  0.29 -0.46
   NaN   NaN   NaN
   NaN   NaN   NaN
   NaN   NaN   NaN
  0.10 -0.99 -0.04
   NaN   NaN   NaN
  0.92 -0.28  0.27
   NaN   NaN   NaN
  0.43 -0.72  0.54
  0.82  0.14  0.55
  0.49  0.27 -0.83
  0.59 -0.78 -0.21
  0.94  0.27 -0.20
  0.84 -0.48  0.24
   NaN   NaN   NaN
  0.94  0.17 -0.29
  0.57 -0.32 -0.76
  0.19  0.93 -0.31
  0.03 -0.83  0.56
   NaN   NaN   NaN
   NaN   NaN   NaN
   NaN   NaN   NaN
   NaN   NaN   NaN
  0.69 -0.54  0.48
  0.57  0.82 -0.05
  1.00 -0.05 -0.01
  0.27 -0.86  0.43
  0.76  0.39 -0.52
  0.84 -0.51  0.20
   NaN   NaN   NaN
  0.53  0.15 -0.83
  0.49 -0.31  0.81
   NaN   NaN   NaN
   NaN   NaN   NaN
  1.00 -0.02 -0.03
  0.89 -0.10  0.45
   NaN   NaN   NaN
  0.98 -0.14 -0.16
  0.98 -0.05  0.21
  0.95  0.28 -0.14
   NaN   NaN   NaN
   NaN   NaN   NaN
  0.76 -0.51  0.41
  0.84 -0.32  0.44
  0.99  0.08  0.10
  0.53 -0.75  0.39
  0.91 -0.07 -0.42
   NaN   NaN   NaN
  0.53 -0.60  0.60
  0.84  0.55  0.06
  0.94 -0.17  0.31
   NaN   NaN   NaN
  0.95 -0.16  0.27
   NaN   NaN   NaN
  0.94 -0.33 -0.08
   NaN   NaN   NaN
  0.61 -0.63  0.48
  0.73 -0.51  0.46
  0.73 -0.51  0.46
  0.16  0.27 -0.95
  0.25  0.88  0.41
   NaN   NaN   NaN
   NaN   NaN   NaN
   NaN   NaN   NaN
  0.99 -0.00  0.13
   NaN   NaN   NaN
   NaN   NaN   NaN
  0.56 -0.05  0.82
   NaN   NaN   NaN
  0.50 -0.83 -0.23
  0.45  0.88 -0.16
