  [0.98  0.15  0.09]
  [0.81  0.58 -0.12]
  [0.52 -0.22 -0.83]
  [0.93  0.19  0.30]
  [0.95  0.23 -0.21]
  [0.23 -0.97  0.01]
  Bad eigenvalues
  [0.92 -0.28  0.27]
  [0.92 -0.37 -0.10]
  [0.44 -0.72  0.54]
  [0.81  0.15  0.57]
  [0.47  0.86 -0.21]
  [0.59 -0.78 -0.21]
  [0.90  0.34 -0.27]
  [0.84 -0.48  0.24]
  [0.87  0.40 -0.29]
  [0.94  0.17 -0.29]
  [0.57 -0.32 -0.76]
  [0.23  0.92 -0.32]
  [0.94  0.32  0.10]
  [0.75 -0.59  0.30]
  Bad eigenvalues
  [0.89  0.19  0.40]
  [0.63 -0.39  0.68]
  [0.69 -0.44  0.58]
  [0.57  0.82 -0.05]
  [0.98  0.21 -0.06]
  [0.93 -0.25  0.26]
  [0.76  0.39 -0.52]
  [0.84 -0.51  0.20]
  [0.23 -0.90 -0.37]
  [0.53  0.15 -0.83]
  [0.49 -0.31  0.81]
  [0.78 -0.62  0.11]
  [0.85  0.52 -0.11]
  [0.85  0.18 -0.50]
  [0.89 -0.13  0.44]
  [0.69 -0.62 -0.38]
  [0.98 -0.14 -0.16]
  [0.97  0.02  0.25]
  [0.95  0.28 -0.14]
  [0.99  0.06  0.12]
  Bad eigenvalues
  [0.76 -0.51  0.41]
  [0.85 -0.30  0.44]
  [0.98  0.22  0.03]
  [0.16 -0.98  0.11]
  [0.56  0.14 -0.81]
  [0.93 -0.32  0.20]
  [0.53 -0.60  0.60]
  [0.90  0.43  0.11]
  [0.90 -0.27  0.33]
  Bad eigenvalues
  [0.95 -0.16  0.27]
  [0.59  0.13 -0.80]
  [0.92 -0.38  0.01]
  [0.27 -0.74  0.61]
  [0.52 -0.78  0.36]
  [0.74 -0.55  0.38]
  [0.74 -0.55  0.38]
  [0.92 -0.32  0.25]
  [0.05 -0.98 -0.17]
  Bad eigenvalues
  [0.91 -0.20 -0.38]
  [0.36  0.83 -0.43]
  [0.73  0.47  0.50]
  [0.30 -0.95 -0.06]
  [0.21  0.97 -0.13]
  [0.42  0.90 -0.09]
  [0.91 -0.41  0.08]
  [0.50 -0.83 -0.23]
  [0.55  0.82 -0.16]
